35 40
36 36
40 25
44 36
45 40
96 3
36 36
96 7
44 36
44 44
35 40
36 36
40 25
44 36
45 40
92 3
36 36
96 11
44 36
35 44
35 40
36 36
40 25
44 36
45 40
92 7
36 36
88 3
44 36
44 35
35 40
36 36
40 25
44 36
45 40
96 15
36 36
92 11
44 36
35 35
35 40
36 36
40 25
44 36
45 40
88 7
36 36
84 3
44 36
48 44
35 40
36 36
40 25
44 36
45 40
96 19
36 36
92 15
44 36
44 48
35 40
36 36
40 25
44 36
45 40
88 11
36 36
84 7
44 36
35 48
35 40
36 36
40 25
44 36
45 40
80 3
36 36
3 3
44 36
31 44
35 40
36 36
40 25
44 36
45 40
96 23
36 36
92 19
44 36
48 35
35 40
36 36
40 25
44 36
45 40
88 15
36 36
84 11
44 36
44 31
35 40
36 36
40 25
44 36
45 40
80 7
36 36
76 3
44 36
35 31
35 40
36 36
40 25
44 36
45 40
96 56
36 36
7 3
44 36
31 35
35 40
36 36
40 25
44 36
45 40
3 7
36 36
96 27
44 36
52 44
35 40
36 36
40 25
44 36
45 40
92 23
36 36
88 19
44 36
48 48
35 40
36 36
40 25
44 36
45 40
84 15
36 36
80 11
44 36
44 52
35 40
36 36
40 25
44 36
45 40
76 7
36 36
72 3
44 36
35 52
35 40
36 36
40 25
44 36
45 40
96 52
36 36
92 56
44 36
31 48
35 40
36 36
40 25
44 36
45 40
11 3
36 36
7 7
44 36
27 44
35 40
36 36
40 25
44 36
45 40
3 11
36 36
96 31
44 36
52 35
35 40
36 36
40 25
44 36
45 40
92 27
36 36
88 23
44 36
48 31
35 40
36 36
40 25
44 36
45 40
84 19
36 36
80 15
44 36
44 27
35 40
36 36
40 25
44 36
45 40
76 11
36 36
72 7
44 36
35 27
35 40
36 36
40 25
44 36
45 40
68 3
36 36
96 48
44 36
31 31
35 40
36 36
40 25
44 36
45 40
92 52
36 36
88 56
44 36
27 35
35 40
36 36
40 25
44 36
45 40
15 3
36 36
11 7
44 36
56 44
35 40
36 36
40 25
44 36
45 40
7 11
36 36
3 15
44 36
52 48
35 40
36 36
40 25
44 36
45 40
96 35
36 36
92 31
44 36
48 52
35 40
36 36
40 25
44 36
45 40
88 27
36 36
84 23
44 36
44 56
35 40
36 36
40 25
44 36
45 40
80 19
36 36
76 15
44 36
35 56
35 40
36 36
40 25
44 36
45 40
72 11
36 36
68 7
44 36
31 52
35 40
36 36
40 25
44 36
45 40
64 3
36 36
96 44
44 36
27 48
35 40
36 36
40 25
44 36
45 40
92 48
36 36
88 52
44 36
23 44
35 40
36 36
40 25
44 36
45 40
84 56
36 36
19 3
44 36
56 35
35 40
36 36
40 25
44 36
45 40
15 7
36 36
11 11
44 36
52 31
35 40
36 36
40 25
44 36
45 40
7 15
36 36
3 19
44 36
48 27
35 40
36 36
40 25
44 36
45 40
92 35
36 36
88 31
44 36
44 23
35 40
36 36
40 25
44 36
45 40
84 27
36 36
80 23
44 36
35 23
35 40
36 36
40 25
44 36
45 40
76 19
36 36
72 15
44 36
31 27
35 40
36 36
40 25
44 36
45 40
68 11
36 36
64 7
44 36
27 31
35 40
36 36
40 25
44 36
45 40
60 3
36 36
92 44
44 36
23 35
35 40
36 36
40 25
44 36
45 40
88 48
36 36
84 52
44 36
60 44
35 40
36 36
40 25
44 36
45 40
80 56
36 36
23 3
44 36
56 48
35 40
36 36
40 25
44 36
45 40
19 7
36 36
15 11
44 36
52 52
35 40
36 36
40 25
44 36
45 40
11 15
36 36
7 19
44 36
48 56
35 40
36 36
40 25
44 36
45 40
3 23
36 36
3 56
44 36
31 56
35 40
36 36
40 25
44 36
45 40
88 35
36 36
84 31
44 36
27 52
35 40
36 36
40 25
44 36
45 40
80 27
36 36
76 23
44 36
23 48
35 40
36 36
40 25
44 36
45 40
72 19
36 36
68 15
44 36
19 44
35 40
36 36
40 25
44 36
45 40
64 11
36 36
60 7
44 36
60 35
35 40
36 36
40 25
44 36
45 40
56 3
36 36
88 44
44 36
56 31
35 40
36 36
40 25
44 36
45 40
84 48
36 36
80 52
44 36
52 27
35 40
36 36
40 25
44 36
45 40
76 56
36 36
27 3
44 36
48 23
35 40
36 36
40 25
44 36
45 40
23 7
36 36
19 11
44 36
44 19
35 40
36 36
40 25
44 36
45 40
15 15
36 36
11 19
44 36
35 19
35 40
36 36
40 25
44 36
45 40
7 23
36 36
3 27
44 36
31 23
35 40
36 36
40 25
44 36
45 40
7 56
36 36
3 52
44 36
27 27
35 40
36 36
40 25
44 36
45 40
84 35
36 36
80 31
44 36
23 31
35 40
36 36
40 25
44 36
45 40
76 27
36 36
72 23
44 36
19 35
35 40
36 36
40 25
44 36
45 40
68 19
36 36
64 15
44 36
64 44
35 40
36 36
40 25
44 36
45 40
60 11
36 36
56 7
44 36
60 48
35 40
36 36
40 25
44 36
45 40
52 3
36 36
84 44
44 36
56 52
35 40
36 36
40 25
44 36
45 40
80 48
36 36
76 52
44 36
52 56
35 40
36 36
40 25
44 36
45 40
72 56
36 36
31 3
44 36
27 56
35 40
36 36
40 25
44 36
45 40
27 7
36 36
23 11
44 36
23 52
35 40
36 36
40 25
44 36
45 40
19 15
36 36
15 19
44 36
19 48
35 40
36 36
40 25
44 36
45 40
11 23
36 36
7 27
44 36
15 44
35 40
36 36
40 25
44 36
45 40
3 31
36 36
11 56
44 36
64 35
35 40
36 36
40 25
44 36
45 40
7 52
36 36
3 48
44 36
60 31
35 40
36 36
40 25
44 36
45 40
80 35
36 36
76 31
44 36
56 27
35 40
36 36
40 25
44 36
45 40
72 27
36 36
68 23
44 36
52 23
35 40
36 36
40 25
44 36
45 40
64 19
36 36
60 15
44 36
48 19
35 40
36 36
40 25
44 36
45 40
56 11
36 36
52 7
44 36
44 15
35 40
36 36
40 25
44 36
45 40
48 3
36 36
80 44
44 36
35 15
35 40
36 36
40 25
44 36
45 40
76 48
36 36
72 52
44 36
31 19
35 40
36 36
40 25
44 36
45 40
68 56
36 36
35 3
44 36
27 23
35 40
36 36
40 25
44 36
45 40
31 7
36 36
27 11
44 36
23 27
35 40
36 36
40 25
44 36
45 40
23 15
36 36
19 19
44 36
19 31
35 40
36 36
40 25
44 36
45 40
15 23
36 36
11 27
44 36
15 35
35 40
36 36
40 25
44 36
45 40
7 31
36 36
3 35
44 36
68 44
35 40
36 36
40 25
44 36
45 40
15 56
36 36
11 52
44 36
64 48
35 40
36 36
40 25
44 36
45 40
7 48
36 36
3 44
44 36
60 52
35 40
36 36
40 25
44 36
45 40
76 35
36 36
72 31
44 36
56 56
35 40
36 36
40 25
44 36
45 40
68 27
36 36
64 23
44 36
23 56
35 40
36 36
40 25
44 36
45 40
60 19
36 36
56 15
44 36
19 52
35 40
36 36
40 25
44 36
45 40
52 11
36 36
48 7
44 36
15 48
35 40
36 36
40 25
44 36
45 40
44 3
36 36
76 44
44 36
11 44
35 40
36 36
40 25
44 36
45 40
72 48
36 36
68 52
44 36
68 35
35 40
36 36
40 25
44 36
45 40
64 56
36 36
35 7
44 36
64 31
35 40
36 36
40 25
44 36
45 40
31 11
36 36
27 15
44 36
60 27
35 40
36 36
40 25
44 36
45 40
23 19
36 36
19 23
44 36
56 23
35 40
36 36
40 25
44 36
45 40
15 27
36 36
11 31
44 36
52 19
35 40
36 36
40 25
44 36
45 40
7 35
36 36
19 56
44 36
48 15
35 40
36 36
40 25
44 36
45 40
15 52
36 36
11 48
44 36
44 11
35 40
36 36
40 25
44 36
45 40
7 44
36 36
72 35
44 36
35 11
35 40
36 36
40 25
44 36
45 40
68 31
36 36
64 27
44 36
31 15
35 40
36 36
40 25
44 36
45 40
60 23
36 36
56 19
44 36
27 19
35 40
36 36
40 25
44 36
45 40
52 15
36 36
48 11
44 36
23 23
35 40
36 36
40 25
44 36
45 40
44 7
36 36
72 44
44 36
19 27
35 40
36 36
40 25
44 36
45 40
68 48
36 36
64 52
44 36
15 31
35 40
36 36
40 25
44 36
45 40
96 3
36 36
96 7
44 36
44 44
35 40
36 36
40 25
44 36
45 40
92 3
36 36
96 11
44 36
35 44
35 40
36 36
40 25
44 36
45 40
92 7
36 36
88 3
44 36
44 35
35 40
36 36
40 25
44 36
45 40
96 15
36 36
92 11
44 36
35 35
35 40
36 36
40 25
44 36
45 40
88 7
36 36
84 3
44 36
48 44
35 40
36 36
40 25
44 36
45 40
96 19
36 36
92 15
44 36
44 48
35 40
36 36
40 25
44 36
45 40
88 11
36 36
84 7
44 36
35 48
35 40
36 36
40 25
44 36
45 40
80 3
36 36
3 3
44 36
31 44
35 40
36 36
40 25
44 36
45 40
96 23
36 36
92 19
44 36
48 35
35 40
36 36
40 25
44 36
45 40
88 15
36 36
84 11
44 36
44 31
35 40
36 36
40 25
44 36
45 40
80 7
36 36
76 3
44 36
35 31
35 40
36 36
40 25
44 36
45 40
96 56
36 36
7 3
44 36
31 35
35 40
36 36
40 25
44 36
45 40
3 7
36 36
96 27
44 36
52 44
35 40
36 36
40 25
44 36
45 40
92 23
36 36
88 19
44 36
48 48
35 40
36 36
40 25
44 36
45 40
84 15
36 36
80 11
44 36
44 52
35 40
36 36
40 25
44 36
45 40
76 7
36 36
72 3
44 36
35 52
35 40
36 36
40 25
44 36
45 40
96 52
36 36
92 56
44 36
31 48
35 40
36 36
40 25
44 36
45 40
11 3
36 36
7 7
44 36
27 44
35 40
36 36
40 25
44 36
45 40
3 11
36 36
96 31
44 36
52 35
35 40
36 36
40 25
44 36
45 40
92 27
36 36
88 23
44 36
48 31
35 40
36 36
40 25
44 36
45 40
84 19
36 36
80 15
44 36
44 27
35 40
36 36
40 25
44 36
45 40
76 11
36 36
72 7
44 36
35 27
35 40
36 36
40 25
44 36
45 40
68 3
36 36
96 48
44 36
31 31
35 40
36 36
40 25
44 36
45 40
92 52
36 36
88 56
44 36
27 35
35 40
36 36
40 25
44 36
45 40
15 3
36 36
11 7
44 36
56 44
35 40
36 36
40 25
44 36
45 40
7 11
36 36
3 15
44 36
52 48
35 40
36 36
40 25
44 36
45 40
96 35
36 36
92 31
44 36
48 52
35 40
36 36
40 25
44 36
45 40
88 27
36 36
84 23
44 36
44 56
35 40
36 36
40 25
44 36
45 40
80 19
36 36
76 15
44 36
35 56
35 40
36 36
40 25
44 36
45 40
72 11
36 36
68 7
44 36
31 52
35 40
36 36
40 25
44 36
45 40
64 3
36 36
96 44
44 36
27 48
35 40
36 36
40 25
44 36
45 40
92 48
36 36
88 52
44 36
23 44
35 40
36 36
40 25
44 36
45 40
84 56
36 36
19 3
44 36
56 35
35 40
36 36
40 25
44 36
45 40
15 7
36 36
11 11
44 36
52 31
35 40
36 36
40 25
44 36
45 40
7 15
36 36
3 19
44 36
48 27
35 40
36 36
40 25
44 36
45 40
92 35
36 36
88 31
44 36
44 23
35 40
36 36
40 25
44 36
45 40
84 27
36 36
80 23
44 36
35 23
35 40
36 36
40 25
44 36
45 40
76 19
36 36
72 15
44 36
31 27
35 40
36 36
40 25
44 36
45 40
68 11
36 36
64 7
44 36
27 31
35 40
36 36
40 25
44 36
45 40
60 3
36 36
92 44
44 36
23 35
35 40
36 36
40 25
44 36
45 40
88 48
36 36
84 52
44 36
60 44
35 40
36 36
40 25
44 36
45 40
80 56
36 36
23 3
44 36
56 48
35 40
36 36
40 25
44 36
45 40
19 7
36 36
15 11
44 36
52 52
35 40
36 36
40 25
44 36
45 40
11 15
36 36
7 19
44 36
48 56
35 40
36 36
40 25
44 36
45 40
3 23
36 36
3 56
44 36
31 56
35 40
36 36
40 25
44 36
45 40
88 35
36 36
84 31
44 36
27 52
35 40
36 36
40 25
44 36
45 40
80 27
36 36
76 23
44 36
23 48
35 40
36 36
40 25
44 36
45 40
72 19
36 36
68 15
44 36
19 44
35 40
36 36
40 25
44 36
45 40
64 11
36 36
60 7
44 36
60 35
35 40
36 36
40 25
44 36
45 40
56 3
36 36
88 44
44 36
56 31
35 40
36 36
40 25
44 36
45 40
84 48
36 36
80 52
44 36
52 27
35 40
36 36
40 25
44 36
45 40
76 56
36 36
27 3
44 36
48 23
35 40
36 36
40 25
44 36
45 40
23 7
36 36
19 11
44 36
44 19
35 40
36 36
40 25
44 36
45 40
15 15
36 36
11 19
44 36
35 19
35 40
36 36
40 25
44 36
45 40
7 23
36 36
3 27
44 36
31 23
35 40
36 36
40 25
44 36
45 40
7 56
36 36
3 52
44 36
27 27
35 40
36 36
40 25
44 36
45 40
84 35
36 36
80 31
44 36
23 31
35 40
36 36
40 25
44 36
45 40
76 27
36 36
72 23
44 36
19 35
35 40
36 36
40 25
44 36
45 40
68 19
36 36
64 15
44 36
64 44
35 40
36 36
40 25
44 36
45 40
60 11
36 36
56 7
44 36
60 48
35 40
36 36
40 25
44 36
45 40
52 3
36 36
84 44
44 36
56 52
35 40
36 36
40 25
44 36
45 40
80 48
36 36
76 52
44 36
52 56
35 40
36 36
40 25
44 36
45 40
72 56
36 36
31 3
44 36
27 56
35 40
36 36
40 25
44 36
45 40
27 7
36 36
23 11
44 36
23 52
35 40
36 36
40 25
44 36
45 40
19 15
36 36
15 19
44 36
19 48
35 40
36 36
40 25
44 36
45 40
11 23
36 36
7 27
44 36
15 44
35 40
36 36
40 25
44 36
45 40
3 31
36 36
11 56
44 36
64 35
35 40
36 36
40 25
44 36
45 40
7 52
36 36
3 48
44 36
60 31
35 40
36 36
40 25
44 36
45 40
80 35
36 36
76 31
44 36
56 27
35 40
36 36
40 25
44 36
45 40
72 27
36 36
68 23
44 36
52 23
35 40
36 36
40 25
44 36
45 40
64 19
36 36
60 15
44 36
48 19
35 40
36 36
40 25
44 36
45 40
56 11
36 36
52 7
44 36
44 15
35 40
36 36
40 25
44 36
45 40
48 3
36 36
80 44
44 36
35 15
35 40
36 36
40 25
44 36
45 40
76 48
36 36
72 52
44 36
31 19
35 40
36 36
40 25
44 36
45 40
68 56
36 36
35 3
44 36
27 23
35 40
36 36
40 25
44 36
45 40
31 7
36 36
27 11
44 36
23 27
35 40
36 36
40 25
44 36
45 40
23 15
36 36
19 19
44 36
19 31
35 40
36 36
40 25
44 36
45 40
15 23
36 36
11 27
44 36
15 35
35 40
36 36
40 25
44 36
45 40
7 31
36 36
3 35
44 36
68 44
35 40
36 36
40 25
44 36
45 40
15 56
36 36
11 52
44 36
64 48
35 40
36 36
40 25
44 36
45 40
7 48
36 36
3 44
44 36
60 52
35 40
36 36
40 25
44 36
45 40
76 35
36 36
72 31
44 36
56 56
35 40
36 36
40 25
44 36
45 40
68 27
36 36
64 23
44 36
23 56
35 40
36 36
40 25
44 36
45 40
60 19
36 36
56 15
44 36
19 52
35 40
36 36
40 25
44 36
45 40
52 11
36 36
48 7
44 36
15 48
35 40
36 36
40 25
44 36
45 40
44 3
36 36
76 44
44 36
11 44
35 40
36 36
40 25
44 36
45 40
72 48
36 36
68 52
44 36
68 35
35 40
36 36
40 25
44 36
45 40
64 56
36 36
35 7
44 36
64 31
35 40
36 36
40 25
44 36
45 40
31 11
36 36
27 15
44 36
60 27
35 40
36 36
40 25
44 36
45 40
23 19
36 36
19 23
44 36
56 23
35 40
36 36
40 25
44 36
45 40
15 27
36 36
11 31
44 36
52 19
35 40
36 36
40 25
44 36
45 40
7 35
36 36
19 56
44 36
48 15
35 40
36 36
40 25
44 36
45 40
15 52
36 36
11 48
44 36
44 11
35 40
36 36
40 25
44 36
45 40
7 44
36 36
72 35
44 36
35 11
35 40
36 36
40 25
44 36
45 40
68 31
36 36
64 27
44 36
31 15
35 40
36 36
40 25
44 36
45 40
60 23
36 36
56 19
44 36
27 19
35 40
36 36
40 25
44 36
45 40
52 15
36 36
48 11
44 36
23 23
35 40
36 36
40 25
44 36
45 40
44 7
36 36
72 44
44 36
19 27
35 40
36 36
40 25
44 36
45 40
68 48
36 36
64 52
44 36
15 31
35 40
36 36
40 25
44 36
45 40
96 3
36 36
96 7
44 36
44 44
35 40
36 36
40 25
44 36
45 40
92 3
36 36
96 11
44 36
35 44
35 40
36 36
40 25
44 36
45 40
92 7
36 36
88 3
44 36
44 35
35 40
36 36
40 25
44 36
45 40
96 15
36 36
92 11
44 36
35 35
35 40
36 36
40 25
44 36
45 40
88 7
36 36
84 3
44 36
48 44
35 40
36 36
40 25
44 36
45 40
96 19
36 36
92 15
44 36
44 48
35 40
36 36
40 25
44 36
45 40
88 11
36 36
84 7
44 36
35 48
35 40
36 36
40 25
44 36
45 40
80 3
36 36
3 3
44 36
31 44
35 40
36 36
40 25
44 36
45 40
96 23
36 36
92 19
44 36
48 35
35 40
36 36
40 25
44 36
45 40
88 15
36 36
84 11
44 36
44 31
35 40
36 36
40 25
44 36
45 40
80 7
36 36
76 3
44 36
35 31
35 40
36 36
40 25
44 36
45 40
96 56
36 36
7 3
44 36
31 35
35 40
36 36
40 25
44 36
45 40
3 7
36 36
96 27
44 36
52 44
35 40
36 36
40 25
44 36
45 40
92 23
36 36
88 19
44 36
48 48
35 40
36 36
40 25
44 36
45 40
84 15
36 36
80 11
44 36
44 52
35 40
36 36
40 25
44 36
45 40
76 7
36 36
72 3
44 36
35 52
35 40
36 36
40 25
44 36
45 40
96 52
36 36
92 56
44 36
31 48
35 40
36 36
40 25
44 36
45 40
11 3
36 36
7 7
44 36
27 44
35 40
36 36
40 25
44 36
45 40
3 11
36 36
96 31
44 36
52 35
35 40
36 36
40 25
44 36
45 40
92 27
36 36
88 23
44 36
48 31
35 40
36 36
40 25
44 36
45 40
84 19
36 36
80 15
44 36
44 27
35 40
36 36
40 25
44 36
45 40
76 11
36 36
72 7
44 36
35 27
35 40
36 36
40 25
44 36
45 40
68 3
36 36
96 48
44 36
31 31
35 40
36 36
40 25
44 36
45 40
92 52
36 36
88 56
44 36
27 35
35 40
36 36
40 25
44 36
45 40
15 3
36 36
11 7
44 36
56 44
35 40
36 36
40 25
44 36
45 40
7 11
36 36
3 15
44 36
52 48
35 40
36 36
40 25
44 36
45 40
96 35
36 36
92 31
44 36
48 52
35 40
36 36
40 25
44 36
45 40
88 27
36 36
84 23
44 36
44 56
35 40
36 36
40 25
44 36
45 40
80 19
36 36
76 15
44 36
35 56
35 40
36 36
40 25
44 36
45 40
72 11
36 36
68 7
44 36
31 52
35 40
36 36
40 25
44 36
45 40
64 3
36 36
96 44
44 36
27 48
35 40
36 36
40 25
44 36
45 40
92 48
36 36
88 52
44 36
23 44
35 40
36 36
40 25
44 36
45 40
84 56
36 36
19 3
44 36
56 35
35 40
36 36
40 25
44 36
45 40
15 7
36 36
11 11
44 36
52 31
35 40
36 36
40 25
44 36
45 40
7 15
36 36
3 19
44 36
48 27
35 40
36 36
40 25
44 36
45 40
92 35
36 36
88 31
44 36
44 23
35 40
36 36
40 25
44 36
45 40
84 27
36 36
80 23
44 36
35 23
35 40
36 36
40 25
44 36
45 40
76 19
36 36
72 15
44 36
31 27
35 40
36 36
40 25
44 36
45 40
68 11
36 36
64 7
44 36
27 31
35 40
36 36
40 25
44 36
45 40
60 3
36 36
92 44
44 36
23 35
35 40
36 36
40 25
44 36
45 40
88 48
36 36
84 52
44 36
60 44
35 40
36 36
40 25
44 36
45 40
80 56
36 36
23 3
44 36
56 48
35 40
36 36
40 25
44 36
45 40
19 7
36 36
15 11
44 36
52 52
35 40
36 36
40 25
44 36
45 40
11 15
36 36
7 19
44 36
48 56
35 40
36 36
40 25
44 36
45 40
3 23
36 36
3 56
44 36
31 56
35 40
36 36
40 25
44 36
45 40
88 35
36 36
84 31
44 36
27 52
35 40
36 36
40 25
44 36
45 40
80 27
36 36
76 23
44 36
23 48
35 40
36 36
40 25
44 36
45 40
72 19
36 36
68 15
44 36
19 44
35 40
36 36
40 25
44 36
45 40
64 11
36 36
60 7
44 36
60 35
35 40
36 36
40 25
44 36
45 40
56 3
36 36
88 44
44 36
56 31
35 40
36 36
40 25
44 36
45 40
84 48
36 36
80 52
44 36
52 27
35 40
36 36
40 25
44 36
45 40
76 56
36 36
27 3
44 36
48 23
35 40
36 36
40 25
44 36
45 40
23 7
36 36
19 11
44 36
44 19
35 40
36 36
40 25
44 36
45 40
15 15
36 36
11 19
44 36
35 19
35 40
36 36
40 25
44 36
45 40
7 23
36 36
3 27
44 36
31 23
35 40
36 36
40 25
44 36
45 40
7 56
36 36
3 52
44 36
27 27
35 40
36 36
40 25
44 36
45 40
84 35
36 36
80 31
44 36
23 31
35 40
36 36
40 25
44 36
45 40
76 27
36 36
72 23
44 36
19 35
35 40
36 36
40 25
44 36
45 40
68 19
36 36
64 15
44 36
64 44
35 40
36 36
40 25
44 36
45 40
60 11
36 36
56 7
44 36
60 48
35 40
36 36
40 25
44 36
45 40
52 3
36 36
84 44
44 36
56 52
35 40
36 36
40 25
44 36
45 40
80 48
36 36
76 52
44 36
52 56
35 40
36 36
40 25
44 36
45 40
72 56
36 36
31 3
44 36
27 56
35 40
36 36
40 25
44 36
45 40
27 7
36 36
23 11
44 36
23 52
35 40
36 36
40 25
44 36
45 40
19 15
36 36
15 19
44 36
19 48
35 40
36 36
40 25
44 36
45 40
11 23
36 36
7 27
44 36
15 44
35 40
36 36
40 25
44 36
45 40
3 31
36 36
11 56
44 36
64 35
35 40
36 36
40 25
44 36
45 40
7 52
36 36
3 48
44 36
60 31
35 40
36 36
40 25
44 36
45 40
80 35
36 36
76 31
44 36
56 27
35 40
36 36
40 25
44 36
45 40
72 27
36 36
68 23
44 36
52 23
35 40
36 36
40 25
44 36
45 40
64 19
36 36
60 15
44 36
48 19
35 40
36 36
40 25
44 36
45 40
56 11
36 36
52 7
44 36
44 15
35 40
36 36
40 25
44 36
45 40
48 3
36 36
80 44
44 36
35 15
35 40
36 36
40 25
44 36
45 40
76 48
36 36
72 52
44 36
31 19
35 40
36 36
40 25
44 36
45 40
68 56
36 36
35 3
44 36
27 23
35 40
36 36
40 25
44 36
45 40
31 7
36 36
27 11
44 36
23 27
35 40
36 36
40 25
44 36
45 40
23 15
36 36
19 19
44 36
19 31
35 40
36 36
40 25
44 36
45 40
15 23
36 36
11 27
44 36
15 35
35 40
36 36
40 25
44 36
45 40
7 31
36 36
3 35
44 36
68 44
35 40
36 36
40 25
44 36
45 40
15 56
36 36
11 52
44 36
64 48
35 40
36 36
40 25
44 36
45 40
7 48
36 36
3 44
44 36
60 52
35 40
36 36
40 25
44 36
45 40
76 35
36 36
72 31
44 36
56 56
35 40
36 36
40 25
44 36
45 40
68 27
36 36
64 23
44 36
23 56
35 40
36 36
40 25
44 36
45 40
60 19
36 36
56 15
44 36
19 52
35 40
36 36
40 25
44 36
45 40
52 11
36 36
48 7
44 36
15 48
35 40
36 36
40 25
44 36
45 40
44 3
36 36
76 44
44 36
11 44
35 40
36 36
40 25
44 36
45 40
72 48
36 36
68 52
44 36
68 35
35 40
36 36
40 25
44 36
45 40
64 56
36 36
35 7
44 36
64 31
35 40
36 36
40 25
44 36
45 40
31 11
36 36
27 15
44 36
60 27
35 40
36 36
40 25
44 36
45 40
23 19
36 36
19 23
44 36
56 23
35 40
36 36
40 25
44 36
45 40
15 27
36 36
11 31
44 36
52 19
35 40
36 36
40 25
44 36
45 40
7 35
36 36
19 56
44 36
48 15
35 40
36 36
40 25
44 36
45 40
15 52
36 36
11 48
44 36
44 11
35 40
36 36
40 25
44 36
45 40
7 44
36 36
72 35
44 36
35 11
35 40
36 36
40 25
44 36
45 40
68 31
36 36
64 27
44 36
31 15
35 40
36 36
40 25
44 36
45 40
60 23
36 36
56 19
44 36
27 19
35 40
36 36
40 25
44 36
45 40
52 15
36 36
48 11
44 36
23 23
35 40
36 36
40 25
44 36
45 40
44 7
36 36
72 44
44 36
19 27
35 40
36 36
40 25
44 36
45 40
68 48
36 36
64 52
44 36
15 31
